1 9
2 2
3 7
4 11
5 19
6 14
7 6
8 2
9 3
10 9
11 13
12 21
13 1
14 4
15 15
16 26
17 1
18 41
19 9
20 35
21 28
22 1
23 13
24 18
25 4
26 5
27 11
28 16
29 9
30 34
31 28
32 31
33 5
34 10
35 21
36 22
37 11
38 19
39 28
40 1
41 1
42 20
43 16
44 1
45 21
46 1
47 25
48 5
49 20
50 31
51 8
52 6
53 3
54 12
55 4
56 7
57 2
58 11
59 16
60 10
61 18
62 7
63 2
64 1
65 13
66 23
67 6
68 8
69 5
70 27
71 17
72 22
73 20
74 12
75 32
76 26
77 27
78 25
79 29
80 5
81 13
82 23
83 18
84 38
85 7
86 3
87 39
88 19
89 42
90 35
91 30
92 23
93 17
94 5
95 12
96 9
97 18
98 14
99 1
100 3
101 22
102 13
103 27
104 1
105 2
106 15
107 4
108 6
109 22
110 13
111 7
112 4
113 5
114 1
115 2
116 1
117 2
118 3
119 2
120 19
121 35
122 33
123 18
124 23
125 13
126 38
127 26
128 34
129 27
130 9
131 14
132 2
133 3
134 1
135 3
136 2
137 1
138 1
139 3
140 1
141 3
142 1
143 4
144 29
145 37
146 10
147 22
148 6
149 33
150 2
151 36
152 24
153 31
154 24
155 28
156 2
157 4
158 3
159 8
160 20
161 25
162 1
163 5
164 12
165 6
166 9
167 11
168 1
169 18
170 3
171 13
172 8
173 1
174 5
175 10
176 2
177 7
178 29
179 14
180 31
181 12
182 17
183 6
184 3
185 1
186 5
187 1
188 2
189 17
190 14
191 29
192 21
193 1
194 2
195 4
196 19
197 5
198 30
199 19
200 21
201 21
202 27
203 20
204 8
205 1
206 32
207 7
208 8
209 5
210 4
211 1
212 3
213 6
214 34
215 10
216 7
217 4
218 10
219 7
220 2
221 12
222 8
223 17
224 16
225 15
226 14
227 11
228 42
229 1
230 2
231 32
232 22
233 43
234 36
235 2
236 1
237 34
238 5
239 6
240 28
241 1
242 33
243 28
244 16
245 15
246 7
247 39
248 17
249 40
250 30
251 8
252 37
253 28
254 19
255 33
256 4
257 10
258 27
259 26
260 12
261 2
262 17
263 7
264 19
265 6
266 19
267 6
268 10
269 15
270 5
271 9
272 4
273 13
274 23
275 18
276 12
277 18
278 25
279 13
280 23
281 18
282 12
283 2
284 2
285 1
286 19
287 16
288 10
289 9
290 15
291 11
292 17
293 35
294 16
295 36
296 3
297 18
298 21
299 20
300 24
301 28
302 14
303 11
304 24
305 30
306 27
307 22
308 40
309 1
310 4
311 37
312 7
313 3
314 2
315 2
316 2
317 7
318 16
319 24
320 15
321 25
322 4
323 21
324 22
325 18
326 30
327 2
328 1
329 38
330 39
331 41
332 15
333 14
334 20
335 4
336 13
337 8
338 16
339 31
340 18
341 11
342 26
343 10
344 11
345 16
346 3
347 16
348 23
349 3
350 2
351 11
352 1
353 2
354 2
355 1
356 31
357 2
358 1
359 3
360 5
361 2
362 3
363 28
364 41
365 32
366 33
367 39
368 17
369 24
370 44
371 44
372 44
373 18
374 44
375 28
376 40
377 29
378 34
379 1
380 8
381 6
382 4
383 5
384 38
385 42